Function    Best Rate MB/s  Avg time     Min time     Max time
Copy:           34279.4     0.009492     0.009335     0.009638
Scale:          24815.6     0.013017     0.012895     0.013163
Add:            26495.9     0.018299     0.018116     0.018534
Triad:          25249.8     0.019135     0.019010     0.019267
